   1 +15.17672919 +43.98932765 +69.87023625 +85.87259444 +0.01100955 +0.01109845 +0.01291390 +0.00753572 
   2 +15.14572934 +43.74118232 +69.74215888 +85.29309622 +0.01088873 +0.01136846 +0.01248371 +0.00754622 
   3 +15.16871978 +43.78723645 +69.80920110 +85.47268536 +0.01101185 +0.01145881 +0.01217544 +0.00763081 
   4 +15.17072213 +43.71819188 +69.87824567 +85.57165535 +0.01113793 +0.01146354 +0.01247252 +0.00653712 
   5 +15.16575288 +43.79220571 +69.84524346 +85.24844617 +0.01087369 +0.01135275 +0.01293759 +0.00737353 
   6 +15.15574111 +43.73717761 +69.81320581 +85.37295838 +0.01098550 +0.01124536 +0.01210056 +0.00850569 
   7 +15.14572934 +43.82824807 +69.57707459 +85.39596103 +0.01082939 +0.01092847 +0.01238182 +0.00900862 
   8 +15.18273625 +43.84426690 +69.94729024 +83.36901755 +0.01134031 +0.01090714 +0.01224686 +0.01643064 
   9 +15.13771993 +43.70217305 +69.69313785 +85.20510254 +0.01094888 +0.01126410 +0.01251842 +0.00517838 
  10 +15.14372699 +43.77321998 +69.80920110 +85.37104149 +0.01123119 +0.01128649 +0.01166309 +0.00780500 
  11 +15.14372699 +43.70417541 +69.74015653 +85.23635880 +0.01101693 +0.01114109 +0.01150881 +0.00837491 
  12 +15.16174817 +43.82023866 +69.65813329 +85.26397662 +0.01102756 +0.01134815 +0.01189694 +0.00847213 
  13 +15.14572934 +43.80221747 +69.62409328 +85.14586218 +0.01094746 +0.01109288 +0.01219463 +0.00775153 
  14 +15.13972228 +43.75319644 +69.59109107 +85.12030775 +0.01094926 +0.01095872 +0.01201677 +0.00806147 
  15 +15.14572934 +43.74919173 +69.66213799 +85.18556739 +0.01097992 +0.01141784 +0.01212605 +0.00461591 
  16 +15.12770816 +43.69015893 +69.55905341 +84.97795751 +0.01095558 +0.01105984 +0.01197620 +0.00422001 
  17 +15.18473861 +44.23346828 +69.81921287 NaN +0.01182159 +0.00859956 +0.01171616 NaN 
  18 +15.13972228 +43.71018247 +69.56305812 +85.47268536 +0.01099414 +0.01112331 +0.01302003 NaN 
  19 +15.14172463 +43.74118232 +69.72517550 +85.87077523 +0.01111094 +0.01126279 +0.01239697 +0.00896566 
  20 +15.10672007 +43.62511907 +69.37995265 +85.48445529 +0.01107587 +0.01058628 +0.01243638 +0.00711373 
  21 +15.10471772 +43.63713319 +69.36793853 +84.91892470 +0.01096266 +0.01067740 +0.01238563 +0.00753270 
  22 +15.14172463 +43.83025043 +69.52204650 +85.75681201 +0.01084288 +0.01094361 +0.01236743 +0.00722189 
  23 +15.24777612 +43.88127381 +68.64953313 +85.68439762 +0.01237813 +0.01063704 +0.01589435 +0.00866309 
  24 +15.13571757 +43.71819188 +69.64411681 +85.15372508 +0.01098655 +0.01086450 +0.01208206 +0.00798573 
  25 +15.12570581 +43.69416364 +69.50002061 +84.97795751 +0.01104927 +0.01048760 +0.01237250 +0.00901318 
  26 +15.12971051 +43.82624572 +69.57707459 +85.31862623 +0.01090592 +0.01077487 +0.01220251 +0.00783773 
  27 +15.12570581 +43.70017070 +69.63210269 +85.24456356 +0.01089406 +0.01097295 +0.01178852 +0.00687605 
  28 +15.11369168 +43.71218482 +69.31891749 +84.90090352 +0.01101525 +0.01057404 +0.01270179 +0.00481820 
  29 +15.12971051 +43.70417541 +69.63810975 +85.14979363 +0.01094320 +0.01094704 +0.01210980 +0.00758277 
  30 +15.16871978 +43.85924792 +69.85221507 +85.38254282 +0.01128073 +0.01145467 +0.01200041 +0.00944660 
  31 +15.11969874 +43.66516614 +69.56906518 +85.04021361 +0.01102053 +0.01118533 +0.01292438 +0.00431792 
  32 +15.13571757 +43.69616599 +69.63410504 +85.14193073 +0.01097794 +0.01107360 +0.01199645 +0.00696438 
  33 +15.13571757 +43.69416364 +69.64411681 +85.32248442 +0.01093647 +0.01139216 +0.01215643 +0.00490358 
  34 +15.12570581 +43.70617776 +69.56706283 +85.39787792 +0.01098113 +0.01134360 +0.01264922 NaN 
  35 +15.16375052 +43.90730441 +69.87624332 +84.29455667 +0.01105030 +0.01133830 +0.01120351 +0.01452946 
  36 +15.14773169 +43.82224101 +69.65012387 +85.20119551 +0.01095180 +0.01136395 +0.01201529 NaN 
  37 +15.17072213 +43.94831603 +69.68713079 +85.42697309 +0.01119038 +0.01167119 +0.01230941 +0.00782006 
  38 +15.11168933 +43.81222924 +69.07077216 +85.00041073 +0.01093357 +0.01093134 +0.01185506 +0.00573260 
  39 +15.12971051 +43.68615422 +68.77160344 +84.78283792 +0.01104843 +0.01113600 +0.01201699 +0.00819470 
  40 +15.13972228 +43.70818011 +69.64011210 +85.67883010 +0.01107047 +0.01144232 +0.01172032 NaN 
  41 +15.11969874 +43.73517526 +69.26789411 +84.95593162 +0.01095438 +0.01068731 +0.01237175 +0.00559466 
  42 +15.13171287 +43.73117055 +69.44899722 +85.20900958 +0.01094515 +0.01078360 +0.01184110 +0.00984977 
  43 +15.13771993 +43.74718938 +69.86623155 +85.71594690 +0.01110224 +0.01120731 +0.01219074 +0.01272085 
  44 +15.11569404 +43.66716849 +69.41399266 +85.13996500 +0.01089405 +0.01098730 +0.01184999 +0.00628861 
  45 +15.14172463 +43.84626925 +69.62008857 +85.37295838 +0.01096008 +0.01098495 +0.01181645 +0.00778278 
  46 +15.11569404 +43.83425513 +69.42400443 +85.02031217 +0.01114364 +0.01046934 +0.01204607 +0.00769719 
  47 +15.11969874 +43.75119409 +69.44299016 +84.95593162 +0.01098419 +0.01076874 +0.01200020 +0.00567103 
  48 +15.15173640 +43.76120585 +69.68312608 +85.37104149 +0.01107989 +0.01138347 +0.01190989 +0.00813167 
  49 +15.12170110 +43.68615422 +69.44899722 +84.97195044 +0.01092746 +0.01104968 +0.01304145 +0.00606290 
  50 +15.11369168 +43.67414010 +69.57907695 +85.09021140 +0.01098539 +0.01102088 +0.01216176 +0.00747674 
  51 +15.10471772 +43.61710965 +69.46501605 +85.13013638 +0.01097212 +0.01079695 +0.01239075 +0.00739405 
  52 +15.13771993 +43.85324086 +69.48103488 +84.91692235 +0.01112507 +0.01134982 +0.01286027 NaN 
  53 +15.11969874 +43.78923880 +69.52204650 +85.41704679 +0.01095719 +0.01086170 +0.01262365 +0.01058219 
  54 +15.12570581 +43.78923880 +69.57507224 +85.14586218 +0.01088548 +0.01124975 +0.01224276 +0.00473209 
  55 +15.09670831 +43.64514260 +69.43498075 +85.15569081 +0.01093811 +0.01077428 +0.01206965 +0.01027489 
  56 +15.10271537 +43.65114966 +69.27790587 +84.82785424 +0.01098396 +0.01057518 +0.01205912 NaN 
  57 +15.11569404 +43.67414010 +69.55705106 +85.68996514 +0.01097372 +0.01087153 +0.01179835 NaN 
  58 +15.12370345 +43.74718938 +69.43898545 +84.98196221 +0.01094914 +0.01094510 +0.01267376 +0.00639734 
  59 +15.11569404 +43.65715672 +69.41399266 +85.05263064 +0.01097608 +0.01090286 +0.01179261 +0.00666859 
  60 +15.15173640 +43.73220836 +69.72918021 +85.26591793 +0.01115665 +0.01136190 +0.01215229 +0.00645429 
  61 +15.16375052 +43.91731618 +69.52204650 +85.32634261 +0.01112599 +0.01157048 +0.01356885 +0.00649306 
  62 +15.14773169 +43.76320821 +69.75417300 +84.96994809 +0.01098713 +0.01148722 +0.01246218 NaN 
  63 +15.12170110 +43.65315202 +69.02175113 +85.10603488 +0.01090288 +0.01113500 +0.01149205 +0.00464221 
  64 +15.17472684 +43.70417541 +69.86823390 +86.24344498 +0.01136694 +0.01188679 +0.01191365 NaN 
  65 +15.14973405 +43.84626925 +69.46701840 +85.39787792 +0.01106235 +0.01143652 +0.01312349 +0.00602240 
  66 +15.10968698 +43.67317555 +69.53406062 +85.64128597 +0.01095209 +0.01116422 +0.01234225 +0.00681505 
  67 +15.14372699 +43.70217305 +69.70114726 +85.62260548 +0.01093290 +0.01141828 +0.01226176 +0.00911165 
  68 +15.14572934 +43.78122939 +69.57306989 +85.18166036 +0.01090979 +0.01115747 +0.01192743 +0.00655181 
  69 +15.14172463 +43.74919173 +69.68312608 +85.41935438 +0.01125677 +0.01145524 +0.01226525 +0.00890060 
  70 +15.14372699 +43.83825984 +69.70114726 +85.27562446 +0.01092388 +0.01112808 +0.01195916 +0.00641561 
  71 +15.14973405 +43.74518703 +69.86823390 +85.87441365 +0.01147561 +0.01163653 +0.01359062 +0.00876706 
  72 +15.14572934 +43.78122939 +69.75016830 +85.51851972 +0.01106054 +0.01148633 +0.01193236 +0.00702296 
  73 +15.12971051 +43.82424336 +69.58508401 NaN +0.01092857 +0.01102070 +0.01129948 NaN 
  74 +15.13972228 +43.67414010 +69.62209092 +85.65249427 +0.01112148 +0.01149890 +0.01263093 NaN 
  75 +15.14973405 +43.86725734 +69.58107930 +85.15765653 +0.01096752 +0.01206106 +0.01192756 +0.00722668 
  76 +15.12971051 +43.80221747 +69.55007945 +85.41554502 +0.01095184 +0.01140428 +0.01171466 NaN 
  77 +15.18874332 +43.77722468 +70.29347764 +85.68625346 +0.01241766 +0.01108044 +0.01198486 +0.00903213 
  78 +15.12170110 +43.69416364 +69.56105577 +85.10010107 +0.01095479 +0.01119205 +0.01226976 +0.00466969 
  79 +15.12971051 +43.70818011 +69.52805356 +85.13210210 +0.01096930 +0.01121218 +0.01232659 +0.00806453 
  80 +15.12370345 +43.68615422 +69.40598325 +85.10547324 +0.01092211 +0.01131486 +0.01254642 +0.00366762 
  81 +15.12370345 +43.77321998 +69.69113549 +85.14389646 +0.01092461 +0.01132653 +0.01181990 +0.00495599 
  82 +15.10768462 +43.66316379 +69.53806533 +85.08229966 +0.01087096 +0.01122939 +0.01266776 +0.00494129 
  83 +15.11168933 +43.65315202 +69.54407239 +85.02628260 +0.01091007 +0.01122300 +0.01203159 NaN 
  84 +15.13571757 +43.75920350 +69.48600413 +85.03623332 +0.01085533 +0.01126750 +0.01239196 +0.00296929 
  85 +15.09270360 +43.60813569 +69.26388940 +84.81183541 +0.01099218 +0.01057103 +0.01264026 +0.00606306 
  86 +15.14372699 +43.84923616 +69.68312608 +85.13799928 +0.01089912 +0.01122260 +0.01180495 +0.00520312 
  87 +15.16174817 +43.71819188 +69.64411681 +85.38445970 +0.01102762 +0.01147711 +0.01235292 NaN 
  88 +15.15574111 +43.82224101 +69.64611917 +85.20314903 +0.01079796 +0.01209948 +0.01208028 +0.00471751 
  89 +15.15373876 +43.79821277 +69.84524346 +85.46697132 +0.01096783 +0.01185422 +0.01210481 +0.00782594 
  90 +15.15574111 +43.77922704 +69.70314961 +85.55661328 +0.01085380 +0.01152547 +0.01172323 NaN 
  91 +15.19875508 +44.03434398 +69.95129495 NaN +0.01155587 +0.01093985 +0.01281734 NaN 
  92 +15.15373876 +43.71218482 +69.76418477 +85.21291661 +0.01094766 +0.01159079 +0.01275579 +0.00688073 
  93 +15.14973405 +43.82023866 +69.61007680 +85.20119551 +0.01089151 +0.01217342 +0.01230862 NaN 
  94 +15.11769639 +43.66516614 +69.47102311 +85.13799928 +0.01093570 +0.01132583 +0.01167993 +0.00525878 
  95 +15.15373876 +43.77121762 +69.76018006 +85.50527244 +0.01095625 +0.01116903 +0.01625230 +0.00922441 
  96 +15.13371522 +43.70017070 +69.43297839 +85.22854473 +0.01087696 +0.01120903 +0.01158625 +0.00871771 
  97 +15.13171287 +43.82624572 +68.90769023 +85.15175936 +0.01088759 +0.01134811 +0.01129334 +0.00575084 
  98 +15.20075744 +44.00134177 +70.61667460 +86.09635746 +0.01213593 +0.01062720 +0.01237334 +0.00994223 
  99 +15.15774346 +43.73717761 +69.78717521 +85.91813578 +0.01095171 +0.01164468 +0.01345907 +0.01017047 
 100 +15.18073390 +43.32194564 NaN +86.80002602 +0.01150510 +0.01049936 NaN +0.00727845 
