   1 +15.53818289 +44.65988670 +70.39644601 +87.10401225 +0.00641867 +0.01121268 +0.01439295 +0.00692192 
   2 +15.55819356 +44.68187842 +70.49047613 +87.13002612 +0.00667127 +0.01104812 +0.01521287 +0.00749223 
   3 +15.57017995 +44.73390616 +70.54050280 +87.32408957 +0.00617242 +0.01073891 +0.01355052 +0.00658670 
   4 +15.56417675 +44.70789229 +70.52249320 +87.20804771 +0.00653373 +0.01150662 +0.01466636 +0.00741362 
   5 +15.58018528 +44.77991068 +70.60451692 +87.37011410 +0.00640647 +0.00947450 +0.01458102 +0.00640098 
   6 +15.56817888 +44.71189443 +70.53850173 +87.21805305 +0.00639199 +0.01135662 +0.01309717 +0.00711305 
   7 +15.57618315 +44.73190509 +70.61452226 +87.23406158 +0.00693945 +0.01130173 +0.01567996 +0.00793357 
   8 +15.53618182 +44.63787497 +70.48647400 +87.07401626 +0.00629349 +0.01180366 +0.01292552 +0.00785658 
   9 +15.54818822 +44.65388350 +70.44247054 +87.10601332 +0.00629989 +0.01105523 +0.01272461 +0.00775082 
  10 +15.51817222 +44.58984937 +70.40645134 +86.93596267 +0.00643618 +0.01216153 +0.01317870 +0.00725650 
  11 +15.56617781 +44.69788696 +70.47846973 +87.21605198 +0.00657072 +0.01282967 +0.01541757 +0.00781121 
  12 +15.56817888 +44.70188909 +70.53449960 +87.18005279 +0.00641039 +0.01140865 +0.01341110 +0.00734991 
  13 +15.51617116 +44.54184378 +70.41845774 +86.90794774 +0.00631699 +0.01273723 +0.01395235 +0.00685183 
  14 +15.51216902 +44.51582991 +70.31642335 +86.91795307 +0.00647252 +0.01452782 +0.01415752 +0.00750254 
  15 +15.50416476 +44.52583524 +70.42446094 +86.91795307 +0.00625106 +0.01225711 +0.01411026 +0.00725086 
  16 +15.50216369 +44.52183311 +70.47248654 +86.94796907 +0.00656602 +0.01209503 +0.01408269 +0.00856263 
  17 +15.49015729 +44.48181178 +70.37843641 +86.76391096 +0.00674578 +0.01311275 +0.01333704 +0.00633188 
  18 +15.50816689 +44.52383418 +70.42846307 +86.92595734 +0.00660145 +0.01196580 +0.01321819 +0.00702187 
  19 +15.50616582 +44.51382884 +70.37843641 +86.90594667 +0.00646374 +0.01237716 +0.01391958 +0.00734343 
  20 +15.50216369 +44.50782564 +70.34844042 +86.82392295 +0.00629088 +0.01331034 +0.01505784 +0.00808744 
  21 +15.50016262 +44.51983204 +70.44247054 +86.90794774 +0.00639539 +0.01242643 +0.01266180 +0.00770558 
  22 +15.48815622 +44.46980538 +70.28640735 +86.76190989 +0.00645790 +0.01285270 +0.01424237 +0.00741872 
  23 +15.50816689 +44.54384484 +70.47448761 +86.97398294 +0.00628536 +0.01210781 +0.01258671 +0.00900281 
  24 +15.49015729 +44.48781498 +70.39244387 +86.89193921 +0.00672215 +0.01223843 +0.01402964 +0.00741824 
  25 +15.47815089 +44.43780832 +70.35444362 +86.77189521 +0.00650320 +0.01113513 +0.01303981 +0.00588321 
  26 +15.47815089 +44.41779765 +70.30841908 +86.71988749 +0.00646670 +0.01293028 +0.01322854 +0.00681135 
  27 +15.47214769 +44.41379552 +70.26241456 +86.70788109 +0.00646561 +0.01257059 +0.01293956 +0.00640297 
  28 +15.48815622 +44.47180644 +70.33643402 +86.82392295 +0.00645687 +0.01243287 +0.01440149 +0.00594733 
  29 +15.48815622 +44.47780964 +70.41645667 +86.88393494 +0.00634178 +0.01192594 +0.01332826 +0.00790326 
  30 +15.47014662 +44.37577525 +70.33643402 +86.76591202 +0.00679874 +0.01170607 +0.01347421 +0.00648839 
  31 +15.51617116 +44.59985470 +70.49848040 +86.08951146 +0.00577233 +0.01159355 +0.00966249 +0.01058315 
  32 +15.56817888 +44.70188909 +70.68053745 +87.28006610 +0.00637870 +0.01286199 +0.01205036 +0.01018560 
  33 +15.52417542 +44.60185577 +70.57852307 +87.14403359 +0.00601745 +0.01149918 +0.00909117 +0.01019401 
  34 +15.57218101 +44.70589123 +70.72255985 +87.34610130 +0.00611542 +0.01217410 +0.01096480 +0.01200439 
  35 +15.57218101 +44.70389016 +70.69654598 +87.34009810 +0.00630654 +0.01253031 +0.01084513 +0.01150738 
  36 +15.58218635 +44.75191576 +70.75657798 +87.35610664 +0.00663036 +0.01245819 +0.01014279 +0.01005284 
  37 +15.57818421 +44.71189443 +70.68453958 +87.36811304 +0.00658200 +0.01224117 +0.01114475 +0.01108534 
  38 +15.55219036 +44.62786963 +70.64053612 +87.20604665 +0.00671990 +0.01196322 +0.01130647 +0.01090400 
  39 +15.58818955 +44.75591789 +70.76858438 +87.40811436 +0.00673909 +0.01259718 +0.01118211 +0.01226763 
  40 +15.57218101 +44.69988803 +70.66654999 +87.32408957 +0.00644145 +0.01168795 +0.01052395 +0.01046369 
  41 +15.57818421 +44.72189976 +70.75257585 +87.36411090 +0.00635213 +0.01312528 +0.01195553 +0.01100733 
  42 +15.56617781 +44.71389549 +70.73256518 +87.36811304 +0.00625785 +0.01256773 +0.01166944 +0.01315775 
  43 +15.59019061 +44.77590855 +70.80458357 +87.44813570 +0.00626965 +0.01201431 +0.01099435 +0.01062794 
  44 +15.59619381 +44.83393948 +70.84660597 +87.46214316 +0.00726220 +0.01188463 +0.01202155 +0.00844550 
  45 +15.57218101 +44.70989336 +70.71655665 +87.35210450 +0.00666425 +0.01347783 +0.01163731 +0.01183375 
  46 +15.54818822 +44.63187177 +70.55250920 +87.19003811 +0.00646470 +0.01264325 +0.01030545 +0.01274252 
  47 +15.56019462 +44.64788030 +70.63653399 +87.28406824 +0.00605057 +0.01178605 +0.01036225 +0.01052757 
  48 +15.56019462 +44.64187710 +70.61252119 +87.20604665 +0.00635129 +0.01323758 +0.01212564 +0.01271928 
  49 +15.58418741 +44.75791896 +70.75457691 +87.37011410 +0.00626287 +0.01220440 +0.01163342 +0.01199235 
  50 +15.55419142 +44.62786963 +70.63853506 +87.21004878 +0.00655634 +0.01247338 +0.01135670 +0.01275675 
  51 +15.56617781 +44.66987202 +70.69054278 +87.26207651 +0.00654413 +0.01232697 +0.01126132 +0.01067686 
  52 +15.56217568 +44.66588990 +70.63653399 +87.29407357 +0.00670331 +0.01219766 +0.01112596 +0.01214537 
  53 +15.58018528 +44.73390616 +70.67653531 +87.35610664 +0.00665164 +0.01244488 +0.01093467 +0.01252827 
  54 +15.57818421 +44.71989869 +70.74457158 +87.40411223 +0.00644816 +0.01208523 +0.01051437 +0.01148220 
  55 +15.58418741 +44.75992003 +70.74056945 +87.43012610 +0.00629249 +0.01234698 +0.01061508 +0.01096052 
  56 +15.56417675 +44.65988670 +70.70655131 +87.25207118 +0.00662269 +0.01231922 +0.01166101 +0.01104272 
  57 +15.56617781 +44.64187710 +70.66254786 +87.29807570 +0.00632431 +0.01266074 +0.01168089 +0.01170872 
  58 +15.58218635 +44.73590723 +70.76258118 +87.42212183 +0.00637603 +0.01213000 +0.01023887 +0.01142267 
  59 +15.55819356 +44.63787497 +70.66454892 +87.27008078 +0.00641706 +0.01233028 +0.01104261 +0.01114749 
  60 +15.55619249 +44.64387817 +70.64854039 +87.21204985 +0.00637134 +0.01266231 +0.01159602 +0.01062842 
  61 +15.57017995 +44.67387416 +70.68854171 +87.32008744 +0.00650258 +0.01239748 +0.01050334 +0.01214102 
  62 +15.57418208 +44.69988803 +70.73656731 +87.33809704 +0.00631339 +0.01199095 +0.01118436 +0.01143912 
  63 +15.57618315 +44.72189976 +70.75857905 +87.39010476 +0.00619150 +0.01220195 +0.01135936 +0.01182497 
  64 +15.54018396 +44.58984937 +70.58650732 +87.18203385 +0.00625603 +0.01210388 +0.01031086 +0.00961854 
  65 +15.57017995 +44.67387416 +70.70855238 +87.29407357 +0.00640650 +0.01249669 +0.01125778 +0.01243179 
  66 +15.57418208 +44.68988269 +70.68453958 +87.34410024 +0.00636909 +0.01244467 +0.01085699 +0.01007281 
  67 +15.56617781 +44.66388884 +70.74857371 +87.29607464 +0.00647563 +0.01255009 +0.01113106 +0.01222039 
  68 +15.57218101 +44.70589123 +70.71655665 +87.41011543 +0.00563812 +0.01223997 +0.01051831 +0.01127976 
  69 +15.56019462 +44.65388350 +70.66254786 +87.31008210 +0.00642800 +0.01247948 +0.01146804 +0.01230410 
  70 +15.57818421 +44.71989869 +70.74056945 +87.41011543 +0.00644101 +0.01188878 +0.01048774 +0.01208664 
  71 +15.53217969 +44.79591922 +70.76058011 +87.26607865 +0.00636787 +0.01478979 +0.00999782 +0.01300134 
  72 +15.57218101 +44.90595787 +70.93463290 +87.50814769 +0.00533202 +0.01464581 +0.00920371 +0.01167725 
  73 +15.55819356 +44.87994401 +70.86861771 +87.37609729 +0.00552862 +0.01421066 +0.00965784 +0.00968205 
  74 +15.53217969 +44.83193842 +70.81859104 +87.36411090 +0.00556144 +0.01387034 +0.00901742 +0.00916182 
  75 +15.56617781 +44.82193308 +70.88660730 +87.38810369 +0.00708091 +0.01408844 +0.00910172 +0.00939142 
  76 +15.53017862 +44.77390748 +70.81058677 +87.24606798 +0.00612991 +0.01327283 +0.00957799 +0.00855398 
  77 +15.56417675 +44.83794162 +70.99064275 +87.48013275 +0.00601221 +0.01551388 +0.01016562 +0.01070774 
  78 +15.55219036 +44.81793095 +70.81859104 +87.32609064 +0.00567402 +0.01301956 +0.00826613 +0.00979768 
  79 +15.57818421 +44.89595254 +70.94263716 +87.50814769 +0.00629696 +0.01521485 +0.00960447 +0.00886447 
  80 +15.52817756 +44.75191576 +70.76858438 +87.29607464 +0.00604563 +0.01429115 +0.00955185 +0.01125192 
  81 +15.58418741 +44.85194908 +70.97665530 +87.47212849 +0.00570016 +0.01590966 +0.01013713 +0.01029915 
  82 +15.54218502 +44.78991602 +70.78457290 +87.32008744 +0.00548260 +0.01292039 +0.00825268 +0.00795145 
  83 +15.54618716 +44.78791495 +70.78257184 +87.32408957 +0.00598334 +0.01504651 +0.00961899 +0.01198081 
  84 +15.53618182 +44.79191708 +70.77058545 +87.32008744 +0.00591856 +0.01364982 +0.00905266 +0.00893314 
  85 +15.52217436 +44.73990936 +70.70254918 +87.16204319 +0.00643195 +0.01439281 +0.00911337 +0.00969086 
  86 +15.55419142 +44.81592988 +70.80658464 +87.36411090 +0.00590147 +0.01399089 +0.00889038 +0.00925035 
  87 +15.56019462 +44.82393415 +70.83059744 +87.36611197 +0.00597284 +0.01439193 +0.00901387 +0.01062188 
  88 +15.54618716 +44.81392882 +70.81859104 +87.33809704 +0.00554415 +0.01403697 +0.00920553 +0.00869394 
  89 +15.53618182 +44.77590855 +70.75257585 +87.27606397 +0.00614393 +0.01417774 +0.00923976 +0.01142154 
  90 +15.53418076 +44.76790428 +70.75857905 +87.25207118 +0.00615496 +0.01452743 +0.00981175 +0.01028098 
  91 +15.52217436 +44.74991469 +70.76858438 +87.27008078 +0.00584238 +0.01397259 +0.00948123 +0.01151606 
  92 +15.51417009 +44.75591789 +70.71255451 +87.22205518 +0.00629934 +0.01454982 +0.00933896 +0.01070749 
  93 +15.52617649 +44.75791896 +70.74056945 +87.25807438 +0.00606588 +0.01410646 +0.00926585 +0.00999647 
  94 +15.53418076 +44.76590322 +70.78657397 +87.30007677 +0.00591522 +0.01481499 +0.00938956 +0.00989449 
  95 +15.51417009 +44.74791363 +70.69454491 +87.23806371 +0.00608289 +0.01508557 +0.00958527 +0.01193187 
  96 +15.52617649 +44.73990936 +70.73456625 +87.24406691 +0.00591212 +0.01404490 +0.00954688 +0.01105897 
  97 +15.53017862 +44.75391683 +70.76458225 +87.27008078 +0.00587473 +0.01429371 +0.00930713 +0.01139980 
  98 +15.51817222 +44.74591256 +70.73056411 +87.24206585 +0.00594183 +0.01437131 +0.00897340 +0.01167492 
  99 +15.50016262 +44.70989336 +70.62452759 +87.10401225 +0.00591588 +0.01284545 +0.00814913 +0.01029426 
 100 +15.53618182 +44.78791495 +70.75257585 +87.31608530 +0.00586016 +0.01433332 +0.00927688 +0.00988520 
